0,0.4602803738317758,0.41876152456100235
1,0.46327187591454533,0.45883066012838664
2,0.46348602370847336,0.46261116891886545
3,0.4637002341920373,0.46322050613574617
4,0.46391450739276807,0.4634817601866575
5,0.464128843338214,0.4637109553784098
6,0.464128843338214,0.46389523974577557
7,0.4643432420559381,0.4641267024896517
8,0.46477222791855843,0.4642274736566283
9,0.464986815118664,0.46450624600223894
10,0.46520146520146555,0.4647486440689956
11,0.46520146520146555,0.4649739461749272
12,0.4654161781946078,0.46514995421442096
13,0.46584579302257395,0.46535391772095097
14,0.46606069491276936,0.46556653582879143
15,0.46627565982404645,0.4658780415363739
16,0.4667057788207689,0.4661402457973527
17,0.46713615023474153,0.4664455495742262
18,0.46735143066764506,0.4667144077092344
19,0.4677821811243208,0.46708024552901767
20,0.4677821811243208,0.4674397367210246
21,0.4682131845543969,0.46772618103744634
22,0.4682131845543969,0.4678058859966188
23,0.46842878120411163,0.46795889253148787
24,0.4686444411807907,0.4682972697805847
25,0.4686444411807907,0.46851289112809474
26,0.4690759512266781,0.46865522988212144
27,0.4690759512266781,0.4687846752905109
28,0.4692918013517487,0.4690522178580784
29,0.4695077149155037,0.4691428653998371
30,0.4695077149155037,0.46930044233500695
31,0.46972369194591457,0.4694127142167846
32,0.46972369194591457,0.46954227187503556
33,0.4701558365186711,0.4696826588502027
34,0.4701558365186711,0.4697820298751711
35,0.4703720041170421,0.4700045840128075
36,0.47058823529411814,0.47017745391429533
37,0.47058823529411814,0.47031581262142014
38,0.47102088849661716,0.4705471539147442
39,0.47102088849661716,0.47066178379314944
40,0.4712373105781961,0.4709473342707317
41,0.4716703458425309,0.4710598470192238
42,0.4716703458425309,0.47126114694560456
43,0.47188695908154216,0.471559917071753
44,0.4721036360959805,0.4717288326925727
45,0.4723203769140168,0.47191080120646345
46,0.47253718156383456,0.47209497858650623
47,0.47253718156383456,0.47227920764831066
48,0.4727540500736376,0.47250899823655834
49,0.47297098247164554,0.47258923064506964
50,0.47297098247164554,0.4727692417303188
51,0.4734050390452335,0.47292543114249747
52,0.4734050390452335,0.4730556161498554
53,0.4734050390452335,0.4732574425451464
54,0.4738393515106855,0.47342675402792733
55,0.4738393515106855,0.47356138321263336
56,0.4747087450228579,0.47382415474013856
57,0.4747087450228579,0.47389803268930275
58,0.4747087450228579,0.47426968079445814
59,0.474926253687315,0.4747130951961477
60,0.474926253687315,0.4747413713225269
61,0.47514382652308657,0.4748610017296911
62,0.47514382652308657,0.474948010970892
63,0.47536146355857184,0.4750589756851244
64,0.4755791648221927,0.47522217649814275
65,0.4755791648221927,0.4753788803019422
66,0.4757969303423849,0.4754986166397842
67,0.4760147601476009,0.4756379627980605
68,0.47666863555818123,0.4758165420990541
69,0.4768867227883619,0.4760104460115086
70,0.4768867227883619,0.47642452915526456
71,0.4771048744460856,0.47676677545603846
72,0.4773230905599052,0.47691726530927986
73,0.47754137115839235,0.4770699785604276
74,0.4777597162701344,0.47724890481965254
75,0.47797812592373673,0.47749117436261757
76,0.47841513897102306,0.4777095072222772
77,0.47841513897102306,0.47796286437159596
78,0.47841513897102306,0.47830151557872846
79,0.47863374242200185,0.4784173250055329
80,0.47885241052942945,0.47846104634229336
81,0.47885241052942945,0.47859658565441643
82,0.4790711433219942,0.4787583845369385
83,0.4790711433219942,0.47889178243209096
84,0.47950880307737864,0.47904708659821776
85,0.47972773009766134,0.4791630531660517
86,0.47972773009766134,0.4794409842726744
87,0.47994672191801135,0.47969489169262053
88,0.48016577856719983,0.4797561996825961
89,0.48016577856719983,0.4799029300368253
90,0.48038490007401974,0.4800606320241655
91,0.4806040864672787,0.48019207509403516
92,0.4808233377758028,0.4803410835593174
93,0.4808233377758028,0.4805514869261182
94,0.4810426540284358,0.4807268684989346
95,0.4810426540284358,0.4808672010263294
96,0.4810426540284358,0.4810031771029616
97,0.48170099273966577,0.4810492374155478
98,0.48170099273966577,0.4811128755240705
99,0.48170099273966577,0.48150787875080914
100,0.4821402104639097,0.4817075806800872
101,0.4825796886582653,0.481764678334511
102,0.4827995255041521,0.4820743584160123
103,0.4830194275545013,0.48250499235355343
104,0.4830194275545013,0.48277315877558213
105,0.4832393948383273,0.4829776468172702
106,0.48345942738466113,0.48303262624415666
107,0.48345942738466113,0.4831250183769892
108,0.4838996883810655,0.4834000225146447
109,0.4838996883810655,0.48352326098329934
110,0.48411991688928496,0.48376540061237544
111,0.4843402107763092,0.4839151050304286
112,0.4843402107763092,0.4839921869696695
113,0.4843402107763092,0.48417719656885116
114,0.48456057007125847,0.48432479085829705
115,0.48456057007125847,0.4843578395199056
116,0.485001485001485,0.4844481894486088
117,0.485001485001485,0.484600249796331
118,0.4852220406950838,0.484765585366843
119,0.48544266191324986,0.48501251737113327
120,0.48544266191324986,0.4851404409856633
121,0.48544266191324986,0.48534779478943835
122,0.48566334868518785,0.4854426625687867
123,0.48588410104011887,0.48547355871715026
124,0.48588410104011887,0.4856280466716361
125,0.4861049190072813,0.4857891781836204
126,0.48654675189534663,0.4859128113143395
127,0.48676776687481355,0.4861248320139034
128,0.48676776687481355,0.4864738491428052
129,0.48676776687481355,0.48665062893569583
130,0.4869888475836434,0.4867655580396057
131,0.48720999405116006,0.4868075620599893
132,0.48720999405116006,0.48697116967556675
133,0.4874312063067088,0.48714807435601676
134,0.4876524843796487,0.48724538932839656
135,0.4878738282993603,0.4874201608322257
136,0.48809523809523875,0.48764364313404146
137,0.48809523809523875,0.48778972090367917
138,0.4883167137966952,0.48796682173174155
139,0.4883167137966952,0.4881218158384696
140,0.4885382554331652,0.48824805698859314
141,0.4885382554331652,0.48834772962580025
142,0.48898153662894567,0.4884717955810965
143,0.48898153662894567,0.4885847983088735
144,0.48920327624720794,0.48887292910690333
145,0.4894250819183793,0.48901923302457995
146,0.48986889153754465,0.489189988385111
147,0.49009089554462815,0.4893873875117133
148,0.4903129657228017,0.48962923368621325
149,0.4903129657228017,0.4900198721241199
150,0.4905351021016545,0.4902507867349194
151,0.4905351021016545,0.4903240725417438
152,0.4905351021016545,0.4904062630019191
153,0.4905351021016545,0.4905328807378649
154,0.4909795735798418,0.4905395468164353
155,0.4909795735798418,0.4905817712755638
156,0.4912019087384429,0.4907862268306287
157,0.4912019087384429,0.49100625446176976
158,0.4912019087384429,0.49111297467500187
159,0.4914243102162557,0.4912041327532198
160,0.4916467780429601,0.4912174775053776
161,0.4916467780429601,0.49129977069659114
162,0.4916467780429601,0.49151552600613785
163,0.4918693122482466,0.4916467787067463
164,0.4918693122482466,0.4916645807793835
165,0.49209191286183207,0.49175359512558137
166,0.49209191286183207,0.4918960249859605
167,0.4925373134328362,0.492047396725694
168,0.4925373134328362,0.4921921190171581
169,0.4927601134497682,0.4924393146726686
170,0.4927601134497682,0.4925551374341904
171,0.4927601134497682,0.4926531694416409
172,0.4929829799940278,0.4927578861148727
173,0.49342891278375167,0.49278908809753447
174,0.49342891278375167,0.4929072160196108
175,0.49342891278375167,0.4931725004308556
176,0.49342891278375167,0.4934244534558537
177,0.4936519790888718,0.49343560477290455
178,0.49387511204063295,0.4935025266638399
179,0.49387511204063295,0.49365868107502164
180,0.4940983116689085,0.49380594149235263
181,0.4940983116689085,0.4938952000071782
182,0.4940983116689085,0.4940134958101632
183,0.49432157800358606,0.49410277699560096
184,0.49432157800358606,0.4941362669458027
185,0.4945449110745784,0.4942880887207472
186,0.4945449110745784,0.4943506113028146
187,0.4945449110745784,0.4944846111454098
188,0.4945449110745784,0.49454491107457754
189,0.4945449110745784,0.49454491107457754
190,0.49499177754522355,0.4945516137376563
191,0.49499177754522355,0.4945962977128736
192,0.49499177754522355,0.49484430493029197
193,0.4952153110047841,0.49499401354808065
194,0.4952153110047841,0.4950163662257752
195,0.4952153110047841,0.4951013089404083
196,0.49543891132047224,0.4952153130104682
197,0.49543891132047224,0.49529357111527533
198,0.49588631264023925,0.49543891399621687
199,0.49588631264023925,0.49552391489458175
200,0.49633398174472515,0.49579906838064375
201,0.49633398174472515,0.49599150851705126
202,0.49655791679137967,0.4962713027123001
203,0.49655791679137967,0.49636533265125754
204,0.49678191887441964,0.4965108917723103
205,0.49678191887441964,0.49660719724964836
206,0.4972301242701006,0.4967662434238634
207,0.4972301242701006,0.49690741504327796
208,0.4972301242701006,0.49718306035517323
209,0.4976785981728329,0.49723909307658687
210,0.4979029358897547,0.4972951513073762
211,0.4979029358897547,0.4975373332625949
212,0.4981273408239704,0.4978378792961933
213,0.49857635246515825,0.49795903914103623
214,0.49857635246515825,0.49813857721250154
215,0.49857635246515825,0.498311435596857
216,0.4988009592326143,0.4985696183000084
217,0.4988009592326143,0.49859881314190324
218,0.49902563333832933,0.4986953947252916
219,0.49902563333832933,0.4988234279899498
220,0.49902563333832933,0.4989717115529571
221,0.4992503748125935,0.49902788075307164
222,0.4992503748125935,0.49903462299729945
223,0.4992503748125935,0.49907507646266713
224,0.49947518368571037,0.4992189116801859
225,0.49947518368571037,0.4992751037886374
226,0.4997000599880025,0.4994032455206052
227,0.4997000599880025,0.4995066663680312
228,0.4997000599880025,0.49963934338638294
229,0.499925003749813,0.49970455886323784
230,0.499925003749813,0.49974054986512767
231,0.5003750937734435,0.49989576308577804
232,0.5003750937734435,0.49998801567791906
233,0.5006002400960382,0.5002423175543773
234,0.5006002400960382,0.5004088657218321
235,0.5008254539996996,0.5005552121831413
236,0.5008254539996996,0.5006385264596616
237,0.5008254539996996,0.5007916719141512
238,0.5012760846719713,0.5008322131215747
239,0.5012760846719713,0.5008817797898466
240,0.5019525382997899,0.5011476539197065
241,0.5019525382997899,0.5013617552555466
242,0.502178158329578,0.5016819263783885
243,0.5024038461538461,0.5019615698767648
244,0.5024038461538461,0.5021149894668507
245,0.502629601803156,0.5023135723803343
246,0.502629601803156,0.5024264230752784
247,0.5028554253080852,0.5025438166920875
248,0.5033072760072158,0.5026860597162816
249,0.5033072760072158,0.5028825499288072
250,0.5033072760072158,0.5031762338711208
251,0.5035333032626671,0.5033140568248787
252,0.50375939849624,0.5033660437734137
253,0.50375939849624,0.5035310497879241
254,0.5039855617386068,0.5036802658445778
255,0.5039855617386068,0.5037910613501719
256,0.5042117930204574,0.5039335448732579
257,0.5046644598254595,0.5040398592886646
258,0.5046644598254595,0.5041823931658824
259,0.5046644598254595,0.5043566463980588
260,0.5046644598254595,0.504644089478731
261,0.5048908954100827,0.504666724181307
262,0.5048908954100827,0.5046803103163843
263,0.5051173991571349,0.5047731495877039
264,0.505343971097396,0.5049294030922629
265,0.5055706112616678,0.5050902275729144
266,0.5057973196807714,0.5052963984948908
267,0.5057973196807714,0.5055094307031842
268,0.506250941406838,0.5057406446248743
269,0.506250941406838,0.5058381456361178
270,0.506250941406838,0.5061012462372364
271,0.5064778547755353,0.5062532105405254
272,0.5064778547755353,0.5062759018773949
273,0.5064778547755353,0.5063802820269951
274,0.5067048365225257,0.5064801245930045
275,0.5069318866787216,0.5065050932692654
276,0.5069318866787216,0.5066208566965988
277,0.5071590052750568,0.5067979277709669
278,0.5071590052750568,0.5069432460305451
279,0.5073861923424783,0.5070749720791234
280,0.5073861923424783,0.5071908114644957
281,0.5076134479119552,0.5073293962606442
282,0.5076134479119552,0.5074021002323428
283,0.5076134479119552,0.5074725494588802
284,0.5078407720144755,0.5076157218383113
285,0.5078407720144755,0.5076475465273337
286,0.5080681646810438,0.5077771226370508
287,0.5080681646810438,0.5078657852077978
288,0.5082956259426847,0.5079840300803641
289,0.5082956259426847,0.5080977346450569
290,0.508523155830442,0.5082228390252214
291,0.508523155830442,0.5083297554258491
292,0.508523155830442,0.5084389697719714
293,0.5087507543753769,0.5085254318158902
294,0.5087507543753769,0.5085686755394281
295,0.5087507543753769,0.5086961307245924
296,0.5089784216085713,0.5087553077200411
297,0.5094339622641507,0.5088008432285721
298,0.5094339622641507,0.5089602219756554
299,0.5094339622641507,0.5092289662191221
300,0.5094339622641507,0.5094248514510403
301,0.5096618357487924,0.5094362409989984
302,0.5096618357487924,0.5094635858171553
303,0.5098897780462028,0.5096230979445321
304,0.5098897780462028,0.5096777917096121
305,0.5101177891875566,0.5097644104710666
306,0.5101177891875566,0.5099011799801485
307,0.5101177891875566,0.510008343839706
308,0.5103458692040482,0.510120070676472
309,0.5105740181268887,0.5101451594785983
310,0.5105740181268887,0.5103002614695107
311,0.5108022359873089,0.5104759147794425
312,0.5108022359873089,0.5105968399129304
313,0.5110305228165604,0.5107292069616622
314,0.5112588786459128,0.5108364797016972
315,0.5112588786459128,0.5109734586992586
316,0.5114873035066504,0.5111903732777343
317,0.5117157974300834,0.5112977115628643
318,0.5117157974300834,0.5114598994296311
319,0.5119443604475357,0.5116038360985415
320,0.5119443604475357,0.5117500832645827
321,0.5119443604475357,0.5118826484328244
322,0.5121729925903525,0.5119489330903926
323,0.5124016938898974,0.5119740833176697
324,0.5124016938898974,0.5120952631943329
325,0.5124016938898974,0.5122942042791112
326,0.5126304643775528,0.5124062692996515
327,0.5128593040847206,0.5124474486796243
328,0.5128593040847206,0.5125961515731844
329,0.51308821304282,0.5127059828659362
330,0.51308821304282,0.5129073798134868
331,0.5133171912832927,0.5130630344430769
332,0.5135462388375972,0.5131271407299773
333,0.5135462388375972,0.5133057541546204
334,0.5135462388375972,0.513466072193591
335,0.5137753557372082,0.5135508211755901
336,0.5137753557372082,0.5135828975415356
337,0.5137753557372082,0.5137112030053178
338,0.5140045420136257,0.513777647599973
339,0.5140045420136257,0.5138120255414355
340,0.5142337976983646,0.5139518298641326
341,0.5142337976983646,0.514016004797862
342,0.5144631228229597,0.514064149186056
343,0.5144631228229597,0.5142406837016897
344,0.5144631228229597,0.5143966185368273
345,0.514921981517952,0.5144700053558698
346,0.514921981517952,0.5145067126614095
347,0.5151515151515149,0.5147315513371818
348,0.5151515151515149,0.5149587068993214
349,0.515381118351265,0.5150780650844368
350,0.515381118351265,0.5151721794394928
351,0.515381118351265,0.5152571326234
352,0.515381118351265,0.5153811183512645
353,0.515381118351265,0.5153811183512645
354,0.5158405335758673,0.5153857125035106
355,0.5158405335758673,0.5154201682972085
356,0.5158405335758673,0.5156797368546675
357,0.516300227445034,0.5158474286354415
358,0.516300227445034,0.5159048900206232
359,0.5165301789505611,0.51618760279587
360,0.5165301789505611,0.5163347201708636
361,0.5167602002123456,0.5164680941367564
362,0.5172204521316948,0.5165830866326091
363,0.5172204521316948,0.5167533149297592
364,0.5174506828528078,0.5170133352776352
365,0.5176809834572775,0.5172641966675405
366,0.5179113539769278,0.5174299704742293
367,0.5179113539769278,0.517600386635535
368,0.5181417944436008,0.5178399398153061
369,0.5181417944436008,0.5179297892142615
370,0.5181417944436008,0.5180288786149309
371,0.5183723048891593,0.5181441002478452
372,0.5186028853454819,0.518183287023909
373,0.5186028853454819,0.5183561761590474
374,0.5188335358444711,0.5185037364496905
375,0.5188335358444711,0.5186259503953806
376,0.5188335358444711,0.5187366626348957
377,0.5188335358444711,0.5188335358444717
378,0.5190642564180461,0.5188358430502074
379,0.5190642564180461,0.5188589151075649
380,0.5190642564180461,0.5189696609828813
381,0.5190642564180461,0.5190642564180473
382,0.5192950470981472,0.5190665643248483
383,0.5195259079167307,0.5190896440942432
384,0.5199878400972799,0.5192489008872685
385,0.5199878400972799,0.5194912998473211
386,0.5202189115232595,0.5198307719238197
387,0.5202189115232595,0.5200017057875277
388,0.5204500532157524,0.5201264843581974
389,0.5204500532157524,0.5202535827771331
390,0.5206812652068118,0.520369154326366
391,0.5206812652068118,0.520468550175038
392,0.5209125475285171,0.5205841568738734
393,0.5209125475285171,0.5206951421461135
394,0.5211439002129609,0.5207575890766016
395,0.5211439002129609,0.5209310557432731
396,0.5211439002129609,0.5210467320854952
397,0.521606816798539,0.5211531578404034
398,0.521606816798539,0.521197131042549
399,0.521606816798539,0.5213892305093795
400,0.5218383807639632,0.5215975577628786
401,0.5218383807639632,0.5216346044743894
402,0.5218383807639632,0.5217665959346808
403,0.5218383807639632,0.5218383807639618
404,0.5218383807639632,0.5218383807639618
405,0.5218383807639632,0.5218383807639618
406,0.5223017202009445,0.521845330502899
407,0.5223017202009445,0.5218870296417574
408,0.522533495736906,0.5220746796457345
409,0.522533495736906,0.5223017251391997
410,0.522533495736906,0.5223596640849342
411,0.5229972586049352,0.5225080032517915
412,0.5229972586049352,0.5225891444562621
413,0.5232292460015232,0.5228279770371045
414,0.5234613040828764,0.5230204587579672
415,0.5234613040828764,0.5231503766483122
416,0.5236934328813042,0.5233591992342512
417,0.5239256324291381,0.523493802822151
418,0.5243902439024392,0.523677195186613
419,0.5243902439024392,0.5238745704741953
420,0.5246226558926664,0.5242322767096579
421,0.5246226558926664,0.5244041886218522
422,0.5248551387618168,0.5244994789554238
423,0.5250876925423219,0.5246691531756094
424,0.5250876925423219,0.5248388699247699
425,0.5250876925423219,0.5249435091984078
426,0.5250876925423219,0.5250807159289063
427,0.5253203172666266,0.5250923450368076
428,0.5253203172666266,0.5251249124982103
429,0.5253203172666266,0.5252807710634945
430,0.5255530129672001,0.5253272981376435
431,0.5255530129672001,0.5253668564067412
432,0.5255530129672001,0.5255088007840917
433,0.525785779676534,0.5255553406342942
434,0.525785779676534,0.5256065493103472
435,0.5260186174271322,0.525760176048919
436,0.5260186174271322,0.5258113918290989
437,0.5262515262515264,0.5259394533026671
438,0.5262515262515264,0.5260442373978167
439,0.5264845061822625,0.5261816543152726
440,0.5264845061822625,0.5262864732411378
441,0.5267175572519083,0.5264262619109686
442,0.5267175572519083,0.5265054807785314
443,0.5267175572519083,0.5265963706956925
444,0.5267175572519083,0.526717557251907
445,0.5269506794930523,0.5267198884743185
446,0.5269506794930523,0.5267385382536102
447,0.5269506794930523,0.5268411120397146
448,0.5271838729383022,0.5269553433619579
449,0.5271838729383022,0.5269809946409352
450,0.5274171376202843,0.5271279072238095
451,0.5274171376202843,0.5272095320533201
452,0.5274171376202843,0.5273284970411305
453,0.5276504735716471,0.5274194716924909
454,0.5276504735716471,0.5274708048890971
455,0.5278838808250568,0.5276248080430381
456,0.5281173594132034,0.5276994898082108
457,0.5281173594132034,0.5278675501641399
458,0.5283509093687909,0.5280309730492636
459,0.5283509093687909,0.5281593984052086
460,0.5283509093687909,0.5283228833741196
461,0.5283509093687909,0.5283509093687901
462,0.5283509093687909,0.5283509093687901
463,0.528584530724549,0.5283532455823478
464,0.5288182235132243,0.5283719360051378
465,0.5288182235132243,0.5285191288885325
466,0.5290519877675842,0.5287714863844759
467,0.529285823520416,0.5288369253685586
468,0.529285823520416,0.5289888828586635
469,0.529285823520416,0.5292320412972652
470,0.529285823520416,0.5292858235204162
471,0.529285823520416,0.5292858235204162
472,0.5297537096527465,0.5292905023817395
473,0.5297537096527465,0.529344308929137
474,0.5299877600979195,0.5295735724186658
475,0.5299877600979195,0.5297724336883594
476,0.5299877600979195,0.5298754158842359
477,0.5302218821729148,0.5299877608142172
478,0.5302218821729148,0.5300228784091687
479,0.530456075910621,0.5301469652587978
480,0.530456075910621,0.5302663789830793
481,0.5306903413439463,0.5304139217547901
482,0.5306903413439463,0.5304724744909537
483,0.5309246785058177,0.5305802373075692
484,0.5309246785058177,0.5307231492638944
485,0.5311590874291836,0.5308778117910594
486,0.5311590874291836,0.5309434312196878
487,0.5311590874291836,0.5310559475029026
488,0.5313935681470143,0.5311637770435397
489,0.5313935681470143,0.5311966043440359
490,0.5313935681470143,0.5313349479675566
491,0.5316281206922966,0.5313982591979206
492,0.5318627450980394,0.5314592442969029
493,0.5318627450980394,0.5316609745765419
494,0.5318627450980394,0.5318275514371775
495,0.5320974413972734,0.5318674390240236
496,0.5320974413972734,0.5318956025799318
497,0.5323322096230471,0.5320364232365344
498,0.5323322096230471,0.5321584811359754
499,0.5328019619865106,0.5323204748100705
500,0.5328019619865106,0.5323909254288091
501,0.5328019619865106,0.532632839616831
502,0.5330369461904031,0.5328043118285485
503,0.5330369461904031,0.5328207607228209
504,0.5332720024532355,0.5329147565661462
505,0.5332720024532355,0.5330839581635582
506,0.5332720024532355,0.5332226406380411
507,0.5332720024532355,0.5332720024532361
508,0.5335071308081583,0.5332767050203345
509,0.5335071308081583,0.5333002178558268
510,0.533742331288343,0.533438944306484
511,0.533742331288343,0.5335424108801867
512,0.5339776039269833,0.5336623638466657
513,0.5339776039269833,0.5337752694577537
514,0.5342129487572881,0.5339117290319983
515,0.5342129487572881,0.534008198754924
516,0.5342129487572881,0.5341282246183787
517,0.5342129487572881,0.5342129487572879
518,0.5344483658124907,0.5342200112689439
519,0.5344483658124907,0.5342788655327442
520,0.5349194167306217,0.5344271804455986
521,0.5349194167306217,0.5345001806905698
522,0.5349194167306217,0.5347451242763416
523,0.5351550506601166,0.5349264857485069
524,0.5353907569476429,0.534987751293756
525,0.5353907569476429,0.5351550564487585
526,0.5356265356265357,0.535301189282296
527,0.5356265356265357,0.5354190503891094
528,0.5356265356265357,0.5355322241549776
529,0.5358623867301493,0.535633611159643
530,0.5360983102918583,0.535668989549766
531,0.5360983102918583,0.5358340947418493
532,0.5360983102918583,0.5360322516945792
533,0.536334306345061,0.5361006702523894
534,0.536334306345061,0.5361101100945175
535,0.536334306345061,0.536197428634203
536,0.5368065160596278,0.536339029167456
537,0.5368065160596278,0.536431104620255
538,0.5370427297878885,0.5367002627067256
539,0.5372790161414294,0.5368490352569673
540,0.5372790161414294,0.5370191207613606
541,0.5372790161414294,0.5372128559624377
542,0.5372790161414294,0.5372790161414279
543,0.5375153751537517,0.5372861069117977
544,0.5375153751537517,0.5373404694846327
545,0.5377518068583729,0.5374941042964893
546,0.5379883112888338,0.5375602979048888
547,0.5379883112888338,0.5377187107832769
548,0.5379883112888338,0.5378322183647303
549,0.5382248884786957,0.5379764867949056
550,0.5382248884786957,0.5380143347797194
551,0.5384615384615388,0.538134989874478
552,0.5384615384615388,0.5382532864766364
553,0.5386982612709641,0.5383881784233894
554,0.5386982612709641,0.5384946796548592
555,0.5389350569405966,0.5386319796129282
556,0.5394088669950741,0.538733782808562
557,0.5394088669950741,0.5388663985900408
558,0.5394088669950741,0.5390819358696585
559,0.5396458814472666,0.5393756995623228
560,0.5396458814472666,0.539423087862206
561,0.5396458814472666,0.5394965623423853
562,0.5396458814472666,0.5396435113027438
563,0.5398829688943644,0.5396482523217367
564,0.5398829688943644,0.5396790736898598
565,0.5398829688943644,0.5398284387815326
566,0.5401201293700911,0.5398853404991231
567,0.5401201293700911,0.5399114281514523
568,0.5403573629081942,0.5400584705688968
569,0.5403573629081942,0.5401865547607592
570,0.5403573629081942,0.5403431288959083
571,0.5405946695424437,0.5403621090408796
572,0.5405946695424437,0.5403977050360168
573,0.5405946695424437,0.5405400890165661
574,0.5405946695424437,0.5405946695424434
575,0.5408320493066257,0.5406017909353689
576,0.5408320493066257,0.5406730048646233
577,0.5410695022345503,0.5408178079840488
578,0.5410695022345503,0.5408819144214889
579,0.5413070283600493,0.5410410086151743
580,0.5415446277169722,0.541088505056904
581,0.5415446277169722,0.5412025241879722
582,0.5417823003391918,0.5414590941461008
583,0.5417823003391918,0.5415826553365282
584,0.5420200462606014,0.5417086225592964
585,0.5422578655151149,0.5418298502568056
586,0.5422578655151149,0.5420271918382025
587,0.5422578655151149,0.5422150580493015
588,0.5424957581366648,0.542260244441329
589,0.5424957581366648,0.54226500229376
590,0.5424957581366648,0.5423149597442857
591,0.5427337241592104,0.5424791063871668
592,0.5427337241592104,0.5425076564377926
593,0.5427337241592104,0.5425861852252327
594,0.5429717636167254,0.542736105288136
595,0.5429717636167254,0.5427622888941128
596,0.5434480629726801,0.5429074959022961
597,0.5434480629726801,0.5430312962585263
598,0.5436863229391785,0.5432694341763651
599,0.5436863229391785,0.5434766549040296
600,0.5436863229391785,0.543614844949229
601,0.5439246564767636,0.5436887062745547
602,0.5439246564767636,0.5437173062990649
603,0.5441630636195183,0.5438555404869152
604,0.5441630636195183,0.5439484971910387
605,0.5441630636195183,0.5440510122624239
606,0.5444015444015446,0.5441678332351598
607,0.544640098856967,0.5442012212813774
608,0.544640098856967,0.5443490823131691
609,0.544640098856967,0.5444731107381713
610,0.5448787270199293,0.544625787063792
611,0.5448787270199293,0.5446830519262997
612,0.545117428924598,0.5448381624444759
613,0.5453562046051612,0.5449479513100414
614,0.5453562046051612,0.54512221107804
615,0.5453562046051612,0.5452463677921029
616,0.5453562046051612,0.5453562046051624
617,0.5455950540958271,0.5453585931000691
618,0.545833977430824,0.5453800902926722
619,0.545833977430824,0.5455257943895241
620,0.5460729746444032,0.5457264634073046
621,0.5460729746444032,0.5458554871800463
622,0.5463120457708358,0.5459797679484929
623,0.5463120457708358,0.546125570292218
624,0.5465511908444172,0.546302485144192
625,0.5467904098994594,0.5463861814834602
626,0.5467904098994594,0.5465559796644064
627,0.5470297029702976,0.5466708011120963
628,0.5470297029702976,0.5468047682238669
629,0.5472690700912889,0.546898092521838
630,0.5472690700912889,0.5470680039311615
631,0.5477480266212658,0.54724513560207
632,0.5477480266212658,0.5473169657442867
633,0.5477480266212658,0.5475229170521765
634,0.5479876160990711,0.5477456329507436
635,0.5479876160990711,0.5477887568324923
636,0.5482272797646691,0.5479564709507123
637,0.5482272797646691,0.5480307555588787
638,0.5482272797646691,0.5481721571215814
639,0.5482272797646691,0.5482272797646688
640,0.5482272797646691,0.5482272797646688
641,0.5484670176525245,0.5482296771435474
642,0.5484670176525245,0.5482464587956973
643,0.5487068297971188,0.5483615337244356
644,0.5487068297971188,0.5484957958524439
645,0.5489467162329614,0.5486468775038831
646,0.5489467162329614,0.5487404138981371
647,0.5491866769945778,0.5488915438392334
648,0.5491866769945778,0.5490019072081336
649,0.5494267121165171,0.5491386863294614
650,0.5496668216333483,0.5492610886263284
651,0.5496668216333483,0.549431519514495
652,0.5499070055796654,0.5495347621433857
653,0.5499070055796654,0.5496908400279813
654,0.5501472639900791,0.5497917180300744
655,0.5503875968992249,0.5499214225739174
656,0.5503875968992249,0.5500319481479403
657,0.5506280043417583,0.550303481871692
658,0.5506280043417583,0.5504164457923296
659,0.5508684863523565,0.5505414584081276
660,0.5508684863523565,0.5506472429026066
661,0.5508684863523565,0.5507338164264222
662,0.5508684863523565,0.5508660815322509
663,0.5511090429657204,0.5508708919184905
664,0.5513496742165689,0.5508997594584689
665,0.5513496742165689,0.5510513183350111
666,0.5513496742165689,0.5512486090912116
667,0.5515903801396437,0.5513544883350291
668,0.5515903801396437,0.5514098506973365
669,0.552072016141549,0.5515855682627394
670,0.552072016141549,0.5516216861060584
671,0.552072016141549,0.5517517263317375
672,0.552072016141549,0.552047932099201
673,0.5523129462899717,0.5520744254430338
674,0.5523129462899717,0.5520936998549077
675,0.5525539512498067,0.5522262144289968
676,0.5525539512498067,0.5523707882284469
677,0.5525539512498067,0.5525153904562327
678,0.5527950310559004,0.5525563620478671
679,0.5527950310559004,0.5525587728459279
680,0.5527950310559004,0.5525949348168421
681,0.5527950310559004,0.5527492258927427
682,0.5530361857431281,0.5527974426027729
683,0.5530361857431281,0.5528119118840066
684,0.5530361857431281,0.5529107853057693
685,0.5535187199005743,0.5530410118338616
686,0.5535187199005743,0.5530892615024083
687,0.5535187199005743,0.5532605547574726
688,0.5535187199005743,0.5534921771491218
689,0.553760099440646,0.5535211336959744
690,0.553760099440646,0.5535356164683788
691,0.5540015540015544,0.5536418242162184
692,0.5540015540015544,0.5537673430774724
693,0.5540015540015544,0.5538059758072178
694,0.5542430836182782,0.5539532638399303
695,0.5542430836182782,0.554023291667059
696,0.5544846883258191,0.5541054124876539
697,0.5549681231534758,0.55428174337652
698,0.5549681231534758,0.5544557107881867
699,0.5549681231534758,0.5547046485417727
700,0.5552099533437008,0.5549681239054365
701,0.5552099533437008,0.5549947244744018
702,0.5554518587649714,0.555115640321824
703,0.5554518587649714,0.5552462391568908
704,0.5554518587649714,0.5553817061928019
705,0.5556938394523961,0.5554542785718444
706,0.5556938394523961,0.5554712172199642
707,0.5556938394523961,0.5555655896880601
708,0.5559358954411076,0.5556962600122827
709,0.5559358954411076,0.5557107833716054
710,0.5559358954411076,0.5558197085665258
711,0.5559358954411076,0.555935895441108
712,0.5561780267662627,0.5559407380676111
713,0.5561780267662627,0.5559722151398812
714,0.5564202334630352,0.556110230748935
715,0.5564202334630352,0.5562167798377456
716,0.5566625155666254,0.5563427280741364
717,0.5566625155666254,0.5564493073154669
718,0.5566625155666254,0.5566043678617649
719,0.5566625155666254,0.5566625155666267
720,0.5566625155666254,0.5566625155666267
721,0.5566625155666254,0.5566625155666267
722,0.5571473061351603,0.5566722106232246
723,0.5571473061351603,0.5567521938966908
724,0.5573898146706117,0.5570115534554361
725,0.5573898146706117,0.5572006587680842
726,0.5576323987538941,0.5573679896579
727,0.5576323987538941,0.5574140730789408
728,0.5576323987538941,0.557523235916418
729,0.5578750584203149,0.5576372519472235
730,0.5581177937052041,0.5576663718633786
731,0.5581177937052041,0.5577974095956147
732,0.5581177937052041,0.5579308882920243
733,0.5581177937052041,0.558078956059623
734,0.5583606046439149,0.5581202218145926
735,0.5583606046439149,0.5581469310178507
736,0.5583606046439149,0.5582974737998508
737,0.5583606046439149,0.5583606046439157
738,0.5586034912718197,0.5583678912427527
739,0.5586034912718197,0.5584043242369383
740,0.5588464536243188,0.5585694879011587
741,0.5588464536243188,0.5586302171305941
742,0.5590894917368257,0.5587735664337693
743,0.5590894917368257,0.5588877701034456
744,0.5593326056447837,0.5590360248679842
745,0.5593326056447837,0.5591186654057817
746,0.5598190609889252,0.5592548122278289
747,0.5598190609889252,0.5593958418048663
748,0.5600624024960997,0.559656089724358
749,0.5600624024960997,0.5598336614793571
750,0.5600624024960997,0.5599236978370115
751,0.5600624024960997,0.5600575356659568
752,0.5600624024960997,0.5600624024961003
753,0.5603058199407087,0.5600672708449925
754,0.5603058199407087,0.5600989151127916
755,0.5605493133583015,0.5602547030370708
756,0.5605493133583015,0.5603399097789015
757,0.5610365282547612,0.5605006169553954
758,0.5610365282547612,0.5606029062364701
759,0.5610365282547612,0.5608124078815062
760,0.5610365282547612,0.5610267839568315
761,0.5612802498048403,0.5610389654702614
762,0.5612802498048403,0.5610633376252693
763,0.5612802498048403,0.5611900728313105
764,0.5612802498048403,0.5612802498048397
765,0.5612802498048403,0.5612802498048397
766,0.5615240474703305,0.5612826877814946
767,0.5615240474703305,0.5612900017114594
768,0.5617679212868966,0.5613631417726171
769,0.5617679212868966,0.5615362426841798
770,0.5617679212868966,0.5616386681641158
771,0.5617679212868966,0.5617654825487298
772,0.5617679212868966,0.5617679212868955
773,0.5617679212868966,0.5617679212868955
774,0.5620118712902218,0.561772800286962
775,0.5620118712902218,0.5617971952872945
776,0.5625000000000001,0.561936249838447
777,0.5625000000000001,0.5620826465215213
778,0.5625000000000001,0.5623584342857628
779,0.5627441787779341,0.5625048835755587
780,0.562988433885589,0.5625439529433253
781,0.562988433885589,0.5626953483654272
782,0.562988433885589,0.5628809616382199
783,0.562988433885589,0.5629884338855878
784,0.5632327653587621,0.5629908772003196
785,0.5632327653587621,0.5630079804034418
786,0.5634771732332706,0.5631106011502017
787,0.5634771732332706,0.5632547628314815
788,0.5634771732332706,0.5633671896897424
789,0.563721657544957,0.5634796180763887
790,0.563721657544957,0.5635089561937909
791,0.5639662183296839,0.5636434233299489
792,0.5639662183296839,0.5637436680155833
793,0.5642108556233387,0.5638586123494932
794,0.5642108556233387,0.5639760045865181
795,0.5642108556233387,0.5640518413824622
796,0.5642108556233387,0.5641986237586555
797,0.564455569461827,0.564215749900108
798,0.564455569461827,0.5642744812213454
799,0.5647003598810829,0.5644359931205561
800,0.5647003598810829,0.5644849443121379
801,0.5647003598810829,0.5646146832343429
802,0.5647003598810829,0.5647003598810818
803,0.5647003598810829,0.5647003598810818
804,0.5647003598810829,0.5647003598810818
805,0.5651901706057286,0.5647077066586881
806,0.5651901706057286,0.5647493371209119
807,0.5651901706057286,0.5649354521653206
808,0.5651901706057286,0.5651779234212961
809,0.5651901706057286,0.5651901706057297
810,0.5654351909830927,0.5651926208095034
811,0.5654351909830927,0.5652073220321452
812,0.5654351909830927,0.5652979795717699
813,0.5656802880851726,0.5654376434886086
814,0.5659254619480113,0.5654866621421379
815,0.5659254619480113,0.5656582377896698
816,0.5664160401002512,0.5658298464457706
817,0.5664160401002512,0.5659745197632359
818,0.5664160401002512,0.5662271671274742
819,0.5666614444618512,0.5664184941438666
820,0.5666614444618512,0.5664307643619466
821,0.5666614444618512,0.5664921154523466
822,0.5669069257286118,0.566658991187286
823,0.5669069257286118,0.5666958118391969
824,0.5669069257286118,0.5668210072852451
825,0.5671524839366868,0.566909381310692
826,0.5671524839366868,0.5669339371314996
827,0.5673981191222573,0.5670640837515551
828,0.5673981191222573,0.5671696783996777
829,0.567643831321523,0.5672679332440428
830,0.5678896205707126,0.5674202339906911
831,0.5678896205707126,0.567511152897914
832,0.5683814303638646,0.5677839365892303
833,0.5683814303638646,0.5679658468465536
834,0.5686274509803922,0.5682683056283335
835,0.5686274509803922,0.5684109528378477
836,0.5686274509803922,0.5685315029399468
837,0.5688735487919675,0.568629911958509
838,0.5688735487919675,0.5686520607615507
839,0.5688735487919675,0.5687554218424125
840,0.5688735487919675,0.5688710878138526
841,0.5691197238349277,0.5688784722928276
842,0.5691197238349277,0.5689178602997012
843,0.5691197238349277,0.5690877210793437
844,0.5693659761456378,0.5691221863580356
845,0.5693659761456378,0.5691443490659995
846,0.5693659761456378,0.5692724002675688
847,0.5696123057604775,0.5693709027379353
848,0.5696123057604775,0.5694152420686065
849,0.5696123057604775,0.5695655031336584
850,0.5698587127158565,0.5696172338995854
851,0.5698587127158565,0.5696566590124459
852,0.5701051970482022,0.5698118961681039
853,0.5701051970482022,0.5698759666191203
854,0.5703517587939695,0.569981955656163
855,0.5703517587939695,0.5701323188402359
856,0.5703517587939695,0.5702679278004078
857,0.5705983979896347,0.5703542251859254
858,0.5705983979896347,0.5703764227135353
859,0.5705983979896347,0.5704948095274549
860,0.5708451146716933,0.5705983995393624
861,0.57109190887667,0.5706526764349166
862,0.57109190887667,0.5708426583580806
863,0.57109190887667,0.5710104667890268
864,0.5713387806411068,0.5710943775943135
865,0.5713387806411068,0.5711165960531128
866,0.571832756994656,0.571237566321894
867,0.571832756994656,0.5714153434824386
868,0.571832756994656,0.571674677574584
869,0.5720798616569727,0.5718352280412776
870,0.5720798616569727,0.5718525253676399
871,0.5720798616569727,0.5719266567663355
872,0.5720798616569727,0.572074919563727
873,0.5720798616569727,0.5720798616569733
874,0.5720798616569727,0.5720798616569733
875,0.5723270440251571,0.5720823334806552
876,0.5723270440251571,0.5721045798937918
877,0.5723270440251571,0.5722232274305203
878,0.5725743041358704,0.572329516626265
879,0.5725743041358704,0.5723418796318005
880,0.5728216420257943,0.572408640639485
881,0.5728216420257943,0.5725767829593139
882,0.5728216420257943,0.5726905529441342
883,0.5730690577316344,0.5728241161828522
884,0.5730690577316344,0.5728439094393195
885,0.5730690577316344,0.5729799880775324
886,0.5730690577316344,0.5730690577316352
887,0.5733165512901198,0.57307153266722
888,0.5733165512901198,0.5730962820230684
889,0.5733165512901198,0.5732051791888015
890,0.5733165512901198,0.5733165512901196
891,0.5733165512901198,0.5733165512901196
892,0.5733165512901198,0.5733165512901196
893,0.5733165512901198,0.5733165512901196
894,0.5735641227380015,0.573323978433556
895,0.5738117721120551,0.5733759692168728
896,0.5738117721120551,0.573539369489521
897,0.5740594994490792,0.5736557537860298
898,0.5740594994490792,0.5738291200423129
899,0.5740594994490792,0.5739950903414518
900,0.5743073047858936,0.5740644555558145
901,0.5743073047858936,0.5741065824630734
902,0.5743073047858936,0.5742676559320045
903,0.5748031496062992,0.5743122632340991
904,0.5748031496062992,0.5743420139233233
905,0.5748031496062992,0.5744982046513831
906,0.5748031496062992,0.5747882742616863
907,0.575051189163648,0.5748056300018718
908,0.575051189163648,0.5748329143531801
909,0.5752993068683055,0.5749916604513562
910,0.575547502757208,0.5750760017159551
911,0.575547502757208,0.5752199185849237
912,0.5757957768673182,0.575448225183859
913,0.5757957768673182,0.5755574352860371
914,0.5760441292356184,0.5756766060770471
915,0.5760441292356184,0.5758330305051443
916,0.5762925598991172,0.5759596909963001
917,0.5762925598991172,0.5760664879953338
918,0.5765410688948451,0.5761509552042452
919,0.5765410688948451,0.5763223817619264
920,0.5765410688948451,0.5764317249367249
921,0.5767896562598549,0.5765410696785387
922,0.5767896562598549,0.5765534982630964
923,0.5767896562598549,0.5766255885989491
924,0.5770383220312255,0.5767772276756683
925,0.5770383220312255,0.5768045762061373
926,0.5772870662460562,0.5769015566414069
927,0.5772870662460562,0.5770532474685509
928,0.5772870662460562,0.577155231812197
929,0.5772870662460562,0.5772845788039088
930,0.5772870662460562,0.5772870662460572
931,0.5775358889414731,0.5772920426999655
932,0.5775358889414731,0.5773442954660031
933,0.5775358889414731,0.5775010537641159
934,0.5777847901546229,0.5775383779536057
935,0.5777847901546229,0.5775607790627891
936,0.5780337699226761,0.577685231240462
937,0.5782828282828284,0.5778221379057525
938,0.5785319652722969,0.5779989292598621
939,0.5785319652722969,0.578257929523452
940,0.5787811809283235,0.5784397853728597
941,0.5787811809283235,0.5785469189983246
942,0.5787811809283235,0.5786615574134312
943,0.5790304752881725,0.5787836738719224
944,0.5790304752881725,0.5787961385899149
945,0.5790304752881725,0.5788784057286643
946,0.5792798483891344,0.5790379564812004
947,0.5792798483891344,0.5790978060254315
948,0.5792798483891344,0.57924244242399
949,0.5792798483891344,0.5792798483891345
950,0.5792798483891344,0.5792798483891345
951,0.5795293002685205,0.5792823429079285
952,0.5795293002685205,0.5792948155018978
953,0.5795293002685205,0.5793422113589809
954,0.5797788309636656,0.5795043566568967
955,0.5797788309636656,0.5795792064075491
956,0.5797788309636656,0.5797314201315888
957,0.5800284405119293,0.5797813270591494
958,0.5800284405119293,0.5798212645868714
959,0.5800284405119293,0.5799984873661382
960,0.5800284405119293,0.5800284405119299
961,0.5800284405119293,0.5800284405119299
962,0.5800284405119293,0.5800284405119299
963,0.5800284405119293,0.5800284405119299
964,0.5802781289506946,0.5800334342807052
965,0.5802781289506946,0.5800858688528459
966,0.5802781289506946,0.5802456694536557
967,0.5805278963173697,0.5802806266243619
968,0.5805278963173697,0.5802931149926956
969,0.5805278963173697,0.5803730405500318
970,0.5807777426493835,0.5805254002230104
971,0.5807777426493835,0.5805603763405319
972,0.5807777426493835,0.5807127826030597
973,0.5810276679841895,0.5807827411560791
974,0.5810276679841895,0.5808227292096478
975,0.581277672359266,0.5809551904274975
976,0.581277672359266,0.5810651686404497
977,0.5815277558121145,0.5812226721875259
978,0.5817779183802595,0.5813151856683452
979,0.5817779183802595,0.5814852519101177
980,0.58202816010125,0.5817028704013443
981,0.58202816010125,0.5817979377179392
982,0.5822784810126578,0.5819205569531289
983,0.5822784810126578,0.5820506889832775
984,0.5822784810126578,0.582180855857209
985,0.5822784810126578,0.5822759778035437
986,0.5825288811520807,0.582280985014052
987,0.5825288811520807,0.5822960090224174
988,0.5827793605571379,0.5823886578666599
989,0.5827793605571379,0.582541405914989
990,0.5827793605571379,0.5826140441497998
991,0.5827793605571379,0.5827718461749868
992,0.5827793605571379,0.5827793605571386
993,0.5827793605571379,0.5827793605571386
994,0.5827793605571379,0.5827793605571386
995,0.5827793605571379,0.5827793605571386
996,0.5830299192654745,0.582781866144222
997,0.5830299192654745,0.5828044164279723
998,0.5830299192654745,0.5829397181304744
999,0.5832805573147557,0.5830374384069542
